[(19, [0.1578125, 0.38671875, 0.4527777777777778, 0.7472222222222222])]
[]
[]
[]
[]
[(19, [0.3484375, 0.74375, 0.17777777777777778, 0.625])]
[(19, [0.38984375, 0.78984375, -0.018055555555555554, 0.43194444444444446])]
[(19, [0.4015625, 0.8015625, -0.02361111111111111, 0.4263888888888889])]
[(19, [0.39765625, 0.79765625, -0.02638888888888889, 0.4236111111111111])]
[(19, [0.43828125, 0.83828125, -0.002777777777777778, 0.44722222222222224])]
[(19, [0.0, 0.3765625, 0.14722222222222223, 0.5388888888888889])]
[]
[]
[]
[]
[(19, [0.36171875, 0.68359375, 0.26944444444444443, 0.6458333333333334])]
[]
[]
[]
[]
[(19, [0.41171875, 0.7453125, 0.3263888888888889, 0.6472222222222223])]
[(19, [0.41875, 0.75625, 0.3194444444444444, 0.6527777777777778])]
[(19, [0.415625, 0.753125, 0.3402777777777778, 0.6736111111111112])]
[(19, [0.41640625, 0.75390625, 0.3736111111111111, 0.7069444444444445])]
[(19, [0.4265625, 0.7640625, 0.3819444444444444, 0.7152777777777778])]
[(19, [0.07578125, 0.40078125, 0.25555555555555554, 0.7486111111111111])]
[]
[]
[]
[]
[(19, [0.5703125, 0.84375, 0.44027777777777777, 0.9986111111111111])]
[(19, [0.56796875, 0.84921875, 0.4548611111111111, 1.0173611111111112])]
[(19, [0.553125, 0.834375, 0.45069444444444445, 1.0131944444444445])]
[(19, [0.546875, 0.828125, 0.4701388888888889, 1.0326388888888889])]
[(19, [0.55546875, 0.83671875, 0.4951388888888889, 1.0576388888888888])]
[(19, [0.2703125, 0.53984375, 0.2708333333333333, 0.8569444444444444])]
[]
[]
[]
[]
[(19, [0.45078125, 0.6546875, 0.2791666666666667, 0.8930555555555556])]
[]
[]
[]
[]
[(19, [0.31171875, 0.56015625, 0.22916666666666666, 0.8652777777777778])]
[]
[]
[]
[]
[(19, [0.3734375, 0.63203125, 0.1597222222222222, 0.8736111111111111])]
[(19, [0.3390625, 0.6203125, 0.1125, 0.8625])]
[(19, [0.34609375, 0.62734375, 0.09722222222222222, 0.8472222222222222])]
[(19, [0.34609375, 0.62734375, 0.09861111111111111, 0.8486111111111111])]
[(19, [0.34375, 0.625, 0.09722222222222222, 0.8472222222222222])]
[(19, [0.23984375, 0.69921875, 0.2111111111111111, 0.7791666666666667])]
[(19, [0.23046875, 0.69921875, 0.2111111111111111, 0.8111111111111111])]
[(19, [0.23828125, 0.70703125, 0.1986111111111111, 0.7986111111111112])]
[(19, [0.24140625, 0.71015625, 0.2125, 0.8125])]
[(19, [0.23046875, 0.69921875, 0.2111111111111111, 0.8111111111111111])]
[(19, [0.18671875, 0.68671875, 0.16666666666666666, 0.7416666666666667])]
[]
[]
[]
[]
[(19, [0.10625, 0.7046875, 0.2791666666666667, 0.8583333333333333])]
[]
[]
[]
[]
[(19, [0.1359375, 0.64921875, 0.15555555555555556, 0.7597222222222222])]
[]
[(19, [0.010546875, 0.537890625, 0.12083333333333333, 0.7458333333333333])]
[(19, [0.012109375, 0.539453125, 0.12083333333333333, 0.7458333333333333])]
[(19, [0.186328125, 0.713671875, 0.16111111111111112, 0.7861111111111111])]
[(19, [0.37578125, 0.78828125, 0.29305555555555557, 0.9986111111111111])]
[(19, [0.36640625, 0.78828125, 0.30694444444444446, 1.0180555555555555])]
[(19, [0.37109375, 0.79296875, 0.3, 1.011111111111111])]
[(19, [0.4015625, 0.8234375, 0.2611111111111111, 0.9722222222222222])]
[(19, [0.41015625, 0.83203125, 0.225, 0.9361111111111111])]
[(19, [0.40234375, 0.7171875, 0.2361111111111111, 0.9986111111111111])]
[(19, [0.422265625, 0.738671875, 0.2625, 1.0625])]
[(19, [0.423828125, 0.740234375, 0.29583333333333334, 1.0958333333333334])]
[(19, [0.430078125, 0.746484375, 0.3055555555555556, 1.1055555555555556])]
[(19, [0.480078125, 0.796484375, 0.1875, 0.9875])]
[(19, [0.4125, 0.7640625, 0.15, 0.9708333333333333])]
[]
[]
[]
[]
