[(19, [0.35833333333333334, 0.7395833333333334, 0.3977272727272727, 0.6136363636363636])]
[(19, [0.3770833333333333, 0.7770833333333333, 0.3977272727272727, 0.625])]
[(19, [0.3875, 0.7875, 0.38636363636363635, 0.6136363636363636])]
[(19, [0.3875, 0.7875, 0.3721590909090909, 0.5994318181818182])]
[(19, [0.38125, 0.78125, 0.3409090909090909, 0.5681818181818182])]
[(19, [0.37916666666666665, 0.7791666666666667, 0.3096590909090909, 0.5369318181818182])]
[(19, [0.3729166666666667, 0.6291666666666667, 0.26136363636363635, 0.48579545454545453])]
[(19, [0.36354166666666665, 0.6239583333333333, 0.23579545454545456, 0.4630681818181818])]
[(19, [0.409375, 0.6697916666666667, 0.2215909090909091, 0.44886363636363635])]
[(19, [0.42604166666666665, 0.6864583333333333, 0.21022727272727273, 0.4375])]
[(19, [0.4239583333333333, 0.684375, 0.22727272727272727, 0.45454545454545453])]
[(19, [0.39895833333333336, 0.659375, 0.23295454545454544, 0.4602272727272727])]
[(19, [0.36666666666666664, 0.58125, 0.2784090909090909, 0.5142045454545454])]
[(19, [0.36041666666666666, 0.5854166666666667, 0.2755681818181818, 0.53125])]
[(19, [0.3729166666666667, 0.5979166666666667, 0.28125, 0.5369318181818182])]
[(19, [0.37083333333333335, 0.5958333333333333, 0.2784090909090909, 0.5340909090909091])]
[(19, [0.3541666666666667, 0.5791666666666667, 0.2784090909090909, 0.5340909090909091])]
[(19, [0.33958333333333335, 0.5645833333333333, 0.2897727272727273, 0.5454545454545454])]
[(19, [0.37083333333333335, 0.5895833333333333, 0.32954545454545453, 0.5539772727272727])]
[(19, [0.34375, 0.56875, 0.3465909090909091, 0.5738636363636364])]
[(19, [0.33958333333333335, 0.5645833333333333, 0.35511363636363635, 0.5823863636363636])]
[(19, [0.32708333333333334, 0.5520833333333334, 0.33238636363636365, 0.5596590909090909])]
[(19, [0.3125, 0.5375, 0.29829545454545453, 0.5255681818181818])]
[(19, [0.2875, 0.5125, 0.2784090909090909, 0.5056818181818182])]
[(19, [0.28125, 0.45625, 0.33238636363636365, 0.5454545454545454])]
[(19, [0.2833333333333333, 0.4708333333333333, 0.3622159090909091, 0.5752840909090909])]
[(19, [0.29375, 0.48125, 0.37642045454545453, 0.5894886363636364])]
[(19, [0.3, 0.4875, 0.390625, 0.6036931818181818])]
[(19, [0.29375, 0.48125, 0.421875, 0.6349431818181818])]
[(19, [0.2708333333333333, 0.4583333333333333, 0.4161931818181818, 0.6292613636363636])]
[(19, [0.03125, 0.27708333333333335, 0.36363636363636365, 0.53125])]
[(19, [-0.010416666666666666, 0.23958333333333334, 0.38920454545454547, 0.5596590909090909])]
[(19, [0.035416666666666666, 0.28541666666666665, 0.3664772727272727, 0.5369318181818182])]
[(19, [0.025, 0.275, 0.3522727272727273, 0.5227272727272727])]
[(19, [0.0875, 0.3375, 0.3352272727272727, 0.5056818181818182])]
[]
[(19, [0.10208333333333333, 0.6020833333333333, 0.3522727272727273, 0.6335227272727273])]
[]
[]
[]
[]
[]
[(19, [0.0, 0.5208333333333334, 0.36363636363636365, 0.8693181818181818])]
[(19, [-0.11875, 0.40208333333333335, 0.36363636363636365, 0.875])]
[(19, [-0.3, 0.22083333333333333, 0.375, 0.8863636363636364])]
[]
[(19, [-0.35833333333333334, 0.1625, 0.5539772727272727, 1.0653409090909092])]
[(19, [-0.35625, 0.16458333333333333, 0.6164772727272727, 1.1278409090909092])]
[(19, [0.0, 0.28125, 0.3806818181818182, 0.7528409090909091])]
[(19, [0.11770833333333333, 0.39895833333333336, 0.34517045454545453, 0.7286931818181818])]
[(19, [0.16354166666666667, 0.44479166666666664, 0.4275568181818182, 0.8110795454545454])]
[(19, [0.16354166666666667, 0.44479166666666664, 0.5951704545454546, 0.9786931818181818])]
[(19, [0.071875, 0.353125, 0.703125, 1.0866477272727273])]
[(19, [-0.015625, 0.265625, 0.7286931818181818, 1.1122159090909092])]
[]
[]
[]
[]
[]
[]
[]
[]
[]
[]
[]
[]
[(19, [0.0, 0.36875, 0.36079545454545453, 0.9971590909090909])]
[(19, [0.09166666666666666, 0.4666666666666667, 0.296875, 0.9360795454545454])]
[(19, [0.10208333333333333, 0.47708333333333336, 0.24857954545454544, 0.8877840909090909])]
[(19, [0.14791666666666667, 0.5229166666666667, 0.22585227272727273, 0.8650568181818182])]
[(19, [0.2, 0.575, 0.18892045454545456, 0.828125])]
[(19, [0.2125, 0.5875, 0.18607954545454544, 0.8252840909090909])]
[(19, [0.15625, 0.49375, 0.33238636363636365, 0.9971590909090909])]
[]
[]
[]
[]
[]
[(19, [0.18333333333333332, 0.4895833333333333, 0.2755681818181818, 0.9971590909090909])]
[]
[]
[]
[]
[]
[(19, [0.21875, 0.44375, 0.2556818181818182, 0.8551136363636364])]
[]
[]
[]
[]
[]
[(19, [0.19375, 0.43333333333333335, 0.2159090909090909, 0.5852272727272727])]
[(19, [0.17708333333333334, 0.4270833333333333, 0.19460227272727273, 0.578125])]
[(19, [0.17708333333333334, 0.4270833333333333, 0.19460227272727273, 0.578125])]
[(19, [0.17083333333333334, 0.42083333333333334, 0.18323863636363635, 0.5667613636363636])]
[(19, [0.16875, 0.41875, 0.171875, 0.5553977272727273])]
[(19, [0.16875, 0.41875, 0.19176136363636365, 0.5752840909090909])]
[(19, [0.13958333333333334, 0.37083333333333335, 0.21306818181818182, 0.38920454545454547])]
[(19, [0.10625, 0.35625, 0.20454545454545456, 0.38636363636363635])]
[(19, [0.1, 0.35, 0.21875, 0.4005681818181818])]
[(19, [0.11666666666666667, 0.36666666666666664, 0.21875, 0.4005681818181818])]
[(19, [0.13125, 0.38125, 0.22727272727272727, 0.4090909090909091])]
[(19, [0.11458333333333333, 0.3645833333333333, 0.22727272727272727, 0.4090909090909091])]
[(19, [0.10833333333333334, 0.41041666666666665, 0.22443181818181818, 0.44886363636363635])]
[(19, [0.11041666666666666, 0.42291666666666666, 0.22443181818181818, 0.45170454545454547])]
[(19, [0.11875, 0.43125, 0.20454545454545456, 0.4318181818181818])]
[(19, [0.12291666666666666, 0.4354166666666667, 0.1846590909090909, 0.4119318181818182])]
[(19, [0.10625, 0.41875, 0.16761363636363635, 0.39488636363636365])]
[(19, [0.09166666666666666, 0.4041666666666667, 0.1534090909090909, 0.3806818181818182])]
[(19, [0.09166666666666666, 0.36666666666666664, 0.17045454545454544, 0.4460227272727273])]
[(19, [0.06354166666666666, 0.34479166666666666, 0.12215909090909091, 0.40625])]
