[(16, [0.6574074074074074, 0.7611111111111111, 0.2833333333333333, 0.49444444444444446])]
[]
[]
[]
[]
[(16, [0.7870370370370371, 0.9111111111111111, 0.3472222222222222, 0.5777777777777777])]
[(16, [0.7796296296296297, 0.912962962962963, 0.3388888888888889, 0.5888888888888889])]
[(16, [0.8203703703703704, 0.9537037037037037, 0.3388888888888889, 0.5888888888888889])]
[(16, [0.9185185185185185, 1.0518518518518518, 0.37777777777777777, 0.6277777777777778])]
[]
[]
[]
[]
[]
[]
[]
[]
[]
[]
[]
[(16, [0.8351851851851851, 0.9981481481481481, 0.12777777777777777, 0.43333333333333335])]
[(16, [0.8203703703703704, 0.987037037037037, 0.13055555555555556, 0.4638888888888889])]
[(16, [0.812962962962963, 0.9796296296296296, 0.08333333333333333, 0.4166666666666667])]
[(16, [0.7481481481481481, 0.9148148148148149, 0.058333333333333334, 0.39166666666666666])]
[(16, [0.7148148148148148, 0.8814814814814815, 0.04722222222222222, 0.38055555555555554])]
[(16, [0.7148148148148148, 0.9277777777777778, 0.08611111111111111, 0.4])]
[(16, [0.6851851851851852, 0.9074074074074074, 0.04722222222222222, 0.38055555555555554])]
[(16, [0.587037037037037, 0.8092592592592592, -0.019444444444444445, 0.3138888888888889])]
[(16, [0.48148148148148145, 0.7037037037037037, 0.013888888888888888, 0.3472222222222222])]
[(16, [0.49444444444444446, 0.7166666666666667, 0.06388888888888888, 0.3972222222222222])]
[(16, [0.49444444444444446, 0.7166666666666667, 0.06944444444444445, 0.4083333333333333])]
[(16, [0.5555555555555556, 0.7777777777777778, 0.07083333333333333, 0.41805555555555557])]
[(16, [0.7222222222222222, 0.9444444444444444, -0.02638888888888889, 0.32083333333333336])]
[(16, [0.8277777777777777, 1.05, -0.15694444444444444, 0.19027777777777777])]
[(16, [0.8592592592592593, 1.0814814814814815, -0.18194444444444444, 0.16527777777777777])]
[(16, [0.7574074074074074, 0.9981481481481481, 0.0, 0.23333333333333334])]
[(16, [0.687962962962963, 0.937962962962963, 0.05277777777777778, 0.30277777777777776])]
[(16, [0.7083333333333334, 0.9583333333333334, -0.002777777777777778, 0.24722222222222223])]
[(16, [0.6564814814814814, 0.9064814814814814, 0.05277777777777778, 0.30277777777777776])]
[(16, [0.6157407407407407, 0.8657407407407407, 0.08611111111111111, 0.33611111111111114])]
[(16, [0.5703703703703704, 0.8629629629629629, 0.027777777777777776, 0.42777777777777776])]
[(16, [0.5407407407407407, 0.837037037037037, 0.09166666666666666, 0.49166666666666664])]
[(16, [0.5074074074074074, 0.8037037037037037, 0.18055555555555555, 0.5805555555555556])]
[(16, [0.48703703703703705, 0.7833333333333333, 0.2361111111111111, 0.6361111111111111])]
[(16, [0.48148148148148145, 0.7777777777777778, 0.275, 0.675])]
[(16, [0.46111111111111114, 0.7870370370370371, 0.28888888888888886, 0.6888888888888889])]
[(16, [0.45740740740740743, 0.7907407407407407, 0.3, 0.7])]
[(16, [0.4444444444444444, 0.7777777777777778, 0.29444444444444445, 0.6944444444444444])]
[(16, [0.4185185185185185, 0.7518518518518519, 0.28888888888888886, 0.6888888888888889])]
[(16, [0.39444444444444443, 0.7277777777777777, 0.28055555555555556, 0.6805555555555556])]
[(16, [0.3537037037037037, 0.7166666666666667, 0.25, 0.6888888888888889])]
[(16, [0.34629629629629627, 0.7166666666666667, 0.25, 0.6944444444444444])]
[(16, [0.337037037037037, 0.7074074074074074, 0.25277777777777777, 0.6972222222222222])]
[(16, [0.3296296296296296, 0.7, 0.25277777777777777, 0.6972222222222222])]
[(16, [0.3277777777777778, 0.6981481481481482, 0.25833333333333336, 0.7027777777777777])]
[(16, [0.2962962962962963, 0.6981481481481482, 0.22777777777777777, 0.7138888888888889])]
[(16, [0.2935185185185185, 0.7101851851851851, 0.2222222222222222, 0.7222222222222222])]
[(16, [0.2935185185185185, 0.7101851851851851, 0.225, 0.725])]
[(16, [0.30092592592592593, 0.7175925925925926, 0.2388888888888889, 0.7388888888888889])]
[(16, [0.30092592592592593, 0.7175925925925926, 0.24166666666666667, 0.7416666666666667])]
[(16, [0.25925925925925924, 0.7129629629629629, 0.20277777777777778, 0.7666666666666667])]
[(16, [0.25925925925925924, 0.7222222222222222, 0.18611111111111112, 0.7861111111111111])]
[(16, [0.2537037037037037, 0.7166666666666667, 0.18055555555555555, 0.7805555555555556])]
[(16, [0.2537037037037037, 0.7166666666666667, 0.17777777777777778, 0.7777777777777778])]
[(16, [0.2518518518518518, 0.7148148148148148, 0.16944444444444445, 0.7694444444444445])]
[(16, [0.2037037037037037, 0.7277777777777777, 0.125, 0.7722222222222223])]
[(16, [0.21666666666666667, 0.75, 0.11944444444444445, 0.7861111111111111])]
[(16, [0.21666666666666667, 0.75, 0.11944444444444445, 0.7861111111111111])]
[(16, [0.21296296296296297, 0.7462962962962963, 0.125, 0.7916666666666666])]
[(16, [0.20185185185185187, 0.7351851851851852, 0.13055555555555556, 0.7972222222222223])]
[(16, [0.10925925925925926, 0.7388888888888889, 0.06666666666666667, 0.8416666666666667])]
[(16, [0.08148148148148149, 0.7481481481481481, 0.06666666666666667, 0.8666666666666667])]
[(16, [0.05740740740740741, 0.7240740740740741, 0.06666666666666667, 0.8666666666666667])]
[(16, [0.022222222222222223, 0.6888888888888889, 0.06944444444444445, 0.8694444444444445])]
[(16, [-0.024074074074074074, 0.6425925925925926, 0.075, 0.875])]
[(16, [0.0, 0.6481481481481481, 0.0, 0.9472222222222222])]
[(16, [-0.05185185185185185, 0.6148148148148148, -0.016666666666666666, 0.9833333333333333])]
[(16, [-0.0962962962962963, 0.5703703703703704, 0.002777777777777778, 1.0027777777777778])]
[(16, [-0.14629629629629629, 0.5203703703703704, 0.005555555555555556, 1.0055555555555555])]
[(16, [-0.19814814814814816, 0.4685185185185185, 0.008333333333333333, 1.0083333333333333])]
[(16, [0.0, 0.5333333333333333, 0.0, 1.0])]
[(16, [-0.027777777777777776, 0.5055555555555555, 0.011111111111111112, 1.011111111111111])]
[(16, [-0.06111111111111111, 0.4722222222222222, 0.022222222222222223, 1.0222222222222221])]
[(16, [-0.1, 0.43333333333333335, 0.027777777777777776, 1.0277777777777777])]
[(16, [-0.14074074074074075, 0.3925925925925926, 0.04722222222222222, 1.0472222222222223])]
[(16, [0.0, 0.4925925925925926, 0.0, 0.9944444444444445])]
[(16, [-0.014814814814814815, 0.48518518518518516, -0.011111111111111112, 0.9888888888888889])]
[(16, [-0.03888888888888889, 0.46111111111111114, -0.027777777777777776, 0.9722222222222222])]
[(16, [-0.03333333333333333, 0.4666666666666667, -0.025, 0.975])]
[(16, [-0.037037037037037035, 0.46296296296296297, 0.005555555555555556, 1.0055555555555555])]
