[(16, [0.03958333333333333, 0.99375, 0.2722222222222222, 0.8527777777777777])]
[(16, [0.029166666666666667, 1.0291666666666666, 0.26944444444444443, 0.8694444444444445])]
[(16, [0.03125, 1.03125, 0.25833333333333336, 0.8583333333333333])]
[(16, [0.052083333333333336, 1.0520833333333333, 0.2611111111111111, 0.8611111111111112])]
[(16, [0.04375, 1.04375, 0.2638888888888889, 0.8638888888888889])]
[(16, [0.04791666666666667, 0.99375, 0.25833333333333336, 0.8666666666666667])]
[(16, [0.00625, 1.00625, 0.22916666666666666, 0.8541666666666666])]
[(16, [-0.008333333333333333, 0.9916666666666667, 0.21805555555555556, 0.8430555555555556])]
[(16, [-0.01875, 0.98125, 0.20416666666666666, 0.8291666666666667])]
[(16, [-0.01875, 0.98125, 0.19583333333333333, 0.8208333333333333])]
[(16, [0.01875, 0.9895833333333334, 0.20833333333333334, 0.8166666666666667])]
[(16, [0.025, 1.025, 0.1986111111111111, 0.8236111111111111])]
[(16, [0.0375, 1.0375, 0.20416666666666666, 0.8291666666666667])]
[(16, [0.052083333333333336, 1.0520833333333333, 0.20972222222222223, 0.8347222222222223])]
[(16, [0.06666666666666667, 1.0666666666666667, 0.2152777777777778, 0.8402777777777778])]
[(16, [0.075, 0.9916666666666667, 0.225, 0.8305555555555556])]
[(16, [0.09583333333333334, 1.0333333333333334, 0.21805555555555556, 0.8430555555555556])]
[(16, [0.11666666666666667, 1.0541666666666667, 0.21805555555555556, 0.8430555555555556])]
[(16, [0.13125, 1.06875, 0.21805555555555556, 0.8430555555555556])]
[(16, [0.13958333333333334, 1.0770833333333334, 0.22361111111111112, 0.8486111111111111])]
[(16, [0.14375, 0.99375, 0.2361111111111111, 0.8277777777777777])]
[(16, [0.12083333333333333, 1.0208333333333333, 0.21944444444444444, 0.8194444444444444])]
[(16, [0.12083333333333333, 1.0208333333333333, 0.21388888888888888, 0.8138888888888889])]
[(16, [0.12083333333333333, 1.0208333333333333, 0.2111111111111111, 0.8111111111111111])]
[(16, [0.12083333333333333, 1.0208333333333333, 0.2111111111111111, 0.8111111111111111])]
[(16, [0.14791666666666667, 0.9916666666666667, 0.2222222222222222, 0.8166666666666667])]
[(16, [0.146875, 0.990625, 0.21388888888888888, 0.8138888888888889])]
[(16, [0.14479166666666668, 0.9885416666666667, 0.21666666666666667, 0.8166666666666667])]
[(16, [0.14479166666666668, 0.9885416666666667, 0.21388888888888888, 0.8138888888888889])]
[(16, [0.146875, 0.990625, 0.21388888888888888, 0.8138888888888889])]
[(16, [0.14791666666666667, 0.9958333333333333, 0.22777777777777777, 0.8166666666666667])]
[(16, [0.12708333333333333, 1.0270833333333333, 0.21388888888888888, 0.8138888888888889])]
[(16, [0.13333333333333333, 1.0333333333333334, 0.21388888888888888, 0.8138888888888889])]
[(16, [0.1375, 1.0375, 0.21666666666666667, 0.8166666666666667])]
[(16, [0.14375, 1.04375, 0.21388888888888888, 0.8138888888888889])]
[(16, [0.17916666666666667, 0.9916666666666667, 0.21944444444444444, 0.8194444444444444])]
[(16, [0.19375, 1.0270833333333333, 0.21944444444444444, 0.8194444444444444])]
[(16, [0.21041666666666667, 1.04375, 0.225, 0.825])]
[(16, [0.22083333333333333, 1.0541666666666667, 0.225, 0.825])]
[(16, [0.22708333333333333, 1.0604166666666666, 0.23333333333333334, 0.8333333333333334])]
[(16, [0.24166666666666667, 0.9916666666666667, 0.25277777777777777, 0.825])]
[(16, [0.3104166666666667, 1.0604166666666666, 0.2, 0.8])]
[(16, [0.3958333333333333, 1.1458333333333333, 0.17777777777777778, 0.7777777777777778])]
[(16, [0.49166666666666664, 1.2416666666666667, 0.16111111111111112, 0.7611111111111111])]
[(16, [0.5916666666666667, 1.3416666666666666, 0.15, 0.75])]
[(16, [0.6458333333333334, 0.9958333333333333, 0.16666666666666666, 0.7472222222222222])]
[(16, [0.6, 0.975, 0.18611111111111112, 0.7861111111111111])]
[(16, [0.5208333333333334, 0.8958333333333334, 0.20555555555555555, 0.8055555555555556])]
[(16, [0.48541666666666666, 0.8604166666666667, 0.20277777777777778, 0.8027777777777778])]
[(16, [0.4791666666666667, 0.8541666666666666, 0.21944444444444444, 0.8194444444444444])]
[(16, [0.4375, 0.9979166666666667, 0.20833333333333334, 0.8138888888888889])]
[(16, [0.40208333333333335, 0.9645833333333333, 0.20694444444444443, 0.8319444444444445])]
[(16, [0.40625, 0.96875, 0.2375, 0.8625])]
[(16, [0.40208333333333335, 0.9645833333333333, 0.2513888888888889, 0.8763888888888889])]
[(16, [0.38958333333333334, 0.9520833333333333, 0.27361111111111114, 0.8986111111111111])]
[(16, [0.3625, 0.99375, 0.3055555555555556, 0.8888888888888888])]
[(16, [0.33541666666666664, 1.0020833333333334, 0.2916666666666667, 0.8916666666666667])]
[(16, [0.32916666666666666, 0.9958333333333333, 0.28055555555555556, 0.8805555555555555])]
[(16, [0.32916666666666666, 0.9958333333333333, 0.2638888888888889, 0.8638888888888889])]
[(16, [0.32916666666666666, 0.9958333333333333, 0.25277777777777777, 0.8527777777777777])]
[(16, [0.34375, 0.9958333333333333, 0.25555555555555554, 0.8416666666666667])]
[(16, [0.32708333333333334, 0.99375, 0.24444444444444444, 0.8444444444444444])]
[(16, [0.31666666666666665, 0.9833333333333333, 0.24444444444444444, 0.8444444444444444])]
[(16, [0.31666666666666665, 0.9833333333333333, 0.24444444444444444, 0.8444444444444444])]
[(16, [0.325, 0.9916666666666667, 0.24444444444444444, 0.8444444444444444])]
[(16, [0.3458333333333333, 0.9979166666666667, 0.25, 0.8416666666666667])]
[]
[]
[]
[(16, [0.5333333333333333, 1.2, 0.24166666666666667, 0.8416666666666667])]
[(16, [0.59375, 0.9958333333333333, 0.25, 0.8555555555555555])]
[(16, [0.6333333333333333, 1.05, 0.24305555555555555, 0.8680555555555556])]
[(16, [0.6729166666666667, 1.0895833333333333, 0.24027777777777778, 0.8652777777777778])]
[(16, [0.7166666666666667, 1.1333333333333333, 0.24027777777777778, 0.8652777777777778])]
[(16, [0.7604166666666666, 1.1770833333333333, 0.24305555555555555, 0.8680555555555556])]
[(16, [0.8041666666666667, 0.9958333333333333, 0.4388888888888889, 0.7972222222222223])]
[(16, [0.8458333333333333, 1.0458333333333334, 0.42916666666666664, 0.8041666666666667])]
[(16, [0.89375, 1.09375, 0.42916666666666664, 0.8041666666666667])]
[(16, [0.925, 1.125, 0.42083333333333334, 0.7958333333333333])]
[(16, [0.9229166666666667, 1.1229166666666666, 0.39305555555555555, 0.7680555555555556])]
[]
[]
[]
[]
[]
[]
[]
[]
[]
[]
