[(0, [0.55, 0.7416666666666667, 0.1527777777777778, 0.46111111111111114])]
[(0, [0.5354166666666667, 0.7354166666666667, 0.1388888888888889, 0.4722222222222222])]
[(0, [0.5333333333333333, 0.7333333333333333, 0.15, 0.48333333333333334])]
[(0, [0.5291666666666667, 0.7291666666666666, 0.16111111111111112, 0.49444444444444446])]
[(0, [0.5208333333333334, 0.7208333333333333, 0.18611111111111112, 0.5194444444444445])]
[(0, [0.5291666666666667, 0.7270833333333333, 0.21666666666666667, 0.5194444444444445])]
[(0, [0.5166666666666667, 0.7166666666666667, 0.2, 0.5333333333333333])]
[(0, [0.5145833333333333, 0.7145833333333333, 0.20277777777777778, 0.5361111111111111])]
[(0, [0.5104166666666666, 0.7104166666666667, 0.20833333333333334, 0.5416666666666666])]
[(0, [0.5083333333333333, 0.7083333333333334, 0.20833333333333334, 0.5416666666666666])]
[(0, [0.5145833333333333, 0.7020833333333333, 0.24444444444444444, 0.5388888888888889])]
[(0, [0.5125, 0.7, 0.26944444444444443, 0.5694444444444444])]
[(0, [0.5125, 0.7, 0.3055555555555556, 0.6055555555555555])]
[(0, [0.5208333333333334, 0.7083333333333334, 0.31666666666666665, 0.6166666666666667])]
[(0, [0.5270833333333333, 0.7145833333333333, 0.32222222222222224, 0.6222222222222222])]
[(0, [0.5354166666666667, 0.7333333333333333, 0.3333333333333333, 0.6305555555555555])]
[(0, [0.53125, 0.73125, 0.3194444444444444, 0.6194444444444445])]
[(0, [0.53125, 0.73125, 0.3055555555555556, 0.6055555555555555])]
[(0, [0.5333333333333333, 0.7333333333333333, 0.28888888888888886, 0.5888888888888889])]
[(0, [0.5354166666666667, 0.7354166666666667, 0.2722222222222222, 0.5722222222222222])]
[(0, [0.5395833333333333, 0.7375, 0.2777777777777778, 0.5777777777777777])]
[(0, [0.5333333333333333, 0.7333333333333333, 0.2722222222222222, 0.5722222222222222])]
[(0, [0.5333333333333333, 0.7333333333333333, 0.275, 0.575])]
[(0, [0.5354166666666667, 0.7354166666666667, 0.2833333333333333, 0.5833333333333334])]
[(0, [0.5333333333333333, 0.7333333333333333, 0.28888888888888886, 0.5888888888888889])]
[(0, [0.5395833333333333, 0.7416666666666667, 0.2972222222222222, 0.5916666666666667])]
[(0, [0.5291666666666667, 0.7375, 0.2638888888888889, 0.5638888888888889])]
[(0, [0.5229166666666667, 0.73125, 0.25555555555555554, 0.5555555555555556])]
[(0, [0.5208333333333334, 0.7291666666666666, 0.25555555555555554, 0.5555555555555556])]
[(0, [0.5208333333333334, 0.7291666666666666, 0.25, 0.55])]
[(0, [0.525, 0.7270833333333333, 0.25, 0.5416666666666666])]
[(0, [0.50625, 0.7145833333333333, 0.2388888888888889, 0.5388888888888889])]
[(0, [0.4875, 0.6958333333333333, 0.23333333333333334, 0.5333333333333333])]
[(0, [0.4708333333333333, 0.6791666666666667, 0.2388888888888889, 0.5388888888888889])]
[(0, [0.4666666666666667, 0.675, 0.25277777777777777, 0.5527777777777778])]
[(0, [0.4666666666666667, 0.6666666666666666, 0.28888888888888886, 0.5888888888888889])]
[(0, [0.45208333333333334, 0.6520833333333333, 0.2972222222222222, 0.5972222222222222])]
[(0, [0.45, 0.65, 0.28055555555555556, 0.5805555555555556])]
[(0, [0.46041666666666664, 0.6604166666666667, 0.2777777777777778, 0.5777777777777777])]
[(0, [0.4625, 0.6625, 0.2777777777777778, 0.5777777777777777])]
[(0, [0.4583333333333333, 0.6604166666666667, 0.28055555555555556, 0.575])]
[(0, [0.4479166666666667, 0.65625, 0.25555555555555554, 0.5555555555555556])]
[(0, [0.44375, 0.6520833333333333, 0.21944444444444444, 0.5194444444444445])]
[(0, [0.4395833333333333, 0.6479166666666667, 0.20277777777777778, 0.5027777777777778])]
[(0, [0.4354166666666667, 0.64375, 0.19444444444444445, 0.49444444444444446])]
[(0, [0.44375, 0.6104166666666667, 0.19444444444444445, 0.5083333333333333])]
[(0, [0.45, 0.6166666666666667, 0.18055555555555555, 0.5138888888888888])]
[(0, [0.46458333333333335, 0.63125, 0.19722222222222222, 0.5305555555555556])]
[(0, [0.4791666666666667, 0.6458333333333334, 0.2222222222222222, 0.5555555555555556])]
[(0, [0.48541666666666666, 0.6520833333333333, 0.2361111111111111, 0.5694444444444444])]
[(0, [0.5, 0.6666666666666666, 0.2777777777777778, 0.575])]
[(0, [0.49583333333333335, 0.6625, 0.26944444444444443, 0.5694444444444444])]
[(0, [0.5020833333333333, 0.66875, 0.26666666666666666, 0.5666666666666667])]
[(0, [0.5145833333333333, 0.68125, 0.26944444444444443, 0.5694444444444444])]
[(0, [0.5229166666666667, 0.6895833333333333, 0.2777777777777778, 0.5777777777777777])]
[(0, [0.5, 0.70625, 0.3194444444444444, 0.6583333333333333])]
[(0, [0.4895833333333333, 0.6979166666666666, 0.30972222222222223, 0.6569444444444444])]
[(0, [0.49166666666666664, 0.7, 0.2986111111111111, 0.6458333333333334])]
[(0, [0.49166666666666664, 0.7, 0.29583333333333334, 0.6430555555555556])]
[(0, [0.49166666666666664, 0.7, 0.29583333333333334, 0.6430555555555556])]
[(0, [0.5041666666666667, 0.7041666666666667, 0.30277777777777776, 0.6527777777777778])]
[(0, [0.49166666666666664, 0.6916666666666667, 0.2833333333333333, 0.6388888888888888])]
[(0, [0.4875, 0.6875, 0.26666666666666666, 0.6222222222222222])]
[(0, [0.4875, 0.6875, 0.25833333333333336, 0.6138888888888889])]
[(0, [0.4875, 0.6875, 0.25833333333333336, 0.6138888888888889])]
[(0, [0.5, 0.6791666666666667, 0.2861111111111111, 0.6472222222222223])]
[]
[]
[]
[]
[(0, [0.5083333333333333, 0.6625, 0.1361111111111111, 0.4444444444444444])]
[(0, [0.490625, 0.646875, 0.11944444444444445, 0.4527777777777778])]
[(0, [0.46145833333333336, 0.6177083333333333, 0.1111111111111111, 0.4444444444444444])]
[(0, [0.453125, 0.609375, 0.11944444444444445, 0.4527777777777778])]
[(0, [0.446875, 0.603125, 0.15, 0.48333333333333334])]
[(0, [0.45416666666666666, 0.625, 0.18611111111111112, 0.5305555555555556])]
[(0, [0.4625, 0.65, 0.1763888888888889, 0.5236111111111111])]
[(0, [0.47291666666666665, 0.6604166666666667, 0.17916666666666667, 0.5263888888888889])]
[(0, [0.475, 0.6625, 0.18194444444444444, 0.5291666666666667])]
[(0, [0.4791666666666667, 0.6666666666666666, 0.18194444444444444, 0.5291666666666667])]
[(0, [0.5, 0.6666666666666666, 0.19166666666666668, 0.5083333333333333])]
[(0, [0.49375, 0.6604166666666667, 0.18333333333333332, 0.5166666666666667])]
[(0, [0.49375, 0.6604166666666667, 0.19722222222222222, 0.5305555555555556])]
[(0, [0.49583333333333335, 0.6625, 0.20555555555555555, 0.5388888888888889])]
[(0, [0.49583333333333335, 0.6625, 0.2111111111111111, 0.5444444444444444])]
[(0, [0.5083333333333333, 0.675, 0.225, 0.5416666666666666])]
[(0, [0.5, 0.6666666666666666, 0.21388888888888888, 0.5472222222222223])]
[(0, [0.4979166666666667, 0.6645833333333333, 0.21666666666666667, 0.55])]
[(0, [0.49583333333333335, 0.6625, 0.21944444444444444, 0.5527777777777778])]
[(0, [0.4895833333333333, 0.65625, 0.2222222222222222, 0.5555555555555556])]
