[(0, [0.42291666666666666, 0.4895833333333333, 0.19166666666666668, 0.43333333333333335])]
[]
[]
[]
[]
[(0, [0.8270833333333333, 0.9041666666666667, 0.32222222222222224, 0.5694444444444444])]
[]
[]
[]
[]
[(0, [0.7958333333333333, 0.8770833333333333, 0.3277777777777778, 0.575])]
[(0, [0.79375, 0.8770833333333333, 0.2611111111111111, 0.5111111111111111])]
[(0, [0.8791666666666667, 0.9625, 0.2777777777777778, 0.5277777777777778])]
[(0, [0.88125, 0.9645833333333333, 0.2611111111111111, 0.5111111111111111])]
[(0, [0.8875, 0.9708333333333333, 0.2638888888888889, 0.5138888888888888])]
[(0, [0.8520833333333333, 0.9291666666666667, 0.29444444444444445, 0.5444444444444444])]
[]
[]
[]
[]
[]
[]
[]
[]
[]
[]
[]
[]
[]
[]
[(0, [0.86875, 0.93125, 0.325, 0.5694444444444444])]
[]
[]
[]
[]
[]
[]
[]
[]
[]
[]
[]
[]
[]
[]
[(0, [0.5270833333333333, 0.6083333333333333, 0.058333333333333334, 0.33611111111111114])]
[]
[]
[]
[]
[]
[]
[]
[]
[]
[]
[]
[]
[]
[]
[]
[]
[]
[]
[]
[]
[]
[]
[]
[]
[]
[]
[]
[]
[]
[]
[]
[]
[]
[]
[]
[]
[]
[]
[]
[]
[]
[]
[]
[]
