[(0, [0.660377358490566, 0.7861635220125787, 0.23055555555555557, 0.75])]
[(0, [0.6698113207547169, 0.7955974842767296, 0.2861111111111111, 0.8194444444444444])]
[(0, [0.6540880503144654, 0.779874213836478, 0.3, 0.8333333333333334])]
[(0, [0.6336477987421384, 0.7594339622641509, 0.2916666666666667, 0.825])]
[(0, [0.6383647798742138, 0.7641509433962265, 0.3138888888888889, 0.8472222222222222])]
[(0, [0.6415094339622641, 0.7971698113207547, 0.3416666666666667, 0.9388888888888889])]
[(0, [0.6305031446540881, 0.7877358490566038, 0.35555555555555557, 0.9555555555555556])]
[(0, [0.6289308176100629, 0.7861635220125787, 0.3638888888888889, 0.9638888888888889])]
[(0, [0.6242138364779874, 0.7814465408805031, 0.34444444444444444, 0.9444444444444444])]
[(0, [0.6179245283018868, 0.7751572327044025, 0.3333333333333333, 0.9333333333333333])]
[(0, [0.6383647798742138, 0.7720125786163522, 0.35555555555555557, 0.9])]
[(0, [0.6477987421383647, 0.789308176100629, 0.35, 0.9055555555555556])]
[(0, [0.6588050314465409, 0.800314465408805, 0.38055555555555554, 0.9361111111111111])]
[(0, [0.6477987421383647, 0.789308176100629, 0.46944444444444444, 1.025])]
[(0, [0.6808176100628931, 0.8223270440251572, 0.5777777777777777, 1.1333333333333333])]
[(0, [0.7437106918238994, 0.8616352201257862, 0.6361111111111111, 0.9972222222222222])]
[(0, [0.7555031446540881, 0.8734276729559748, 0.6736111111111112, 1.0486111111111112])]
[(0, [0.7114779874213837, 0.8294025157232704, 0.6986111111111111, 1.073611111111111])]
[(0, [0.7224842767295597, 0.8404088050314465, 0.6680555555555555, 1.0430555555555556])]
[(0, [0.7570754716981132, 0.875, 0.6208333333333333, 0.9958333333333333])]
[(0, [0.7515723270440252, 0.8710691823899371, 0.5861111111111111, 0.9972222222222222])]
[(0, [0.7468553459119497, 0.8726415094339622, 0.5166666666666667, 0.9333333333333333])]
[(0, [0.7484276729559748, 0.8742138364779874, 0.5055555555555555, 0.9222222222222223])]
[(0, [0.7437106918238994, 0.8694968553459119, 0.5111111111111111, 0.9277777777777778])]
[(0, [0.7437106918238994, 0.8694968553459119, 0.4638888888888889, 0.8805555555555555])]
[(0, [0.6918238993710691, 0.8710691823899371, 0.4583333333333333, 0.9861111111111112])]
[(0, [0.6698113207547169, 0.8584905660377359, 0.49444444444444446, 1.0277777777777777])]
[(0, [0.6588050314465409, 0.8474842767295597, 0.5444444444444444, 1.0777777777777777])]
[(0, [0.639937106918239, 0.8286163522012578, 0.5638888888888889, 1.0972222222222223])]
[(0, [0.6116352201257862, 0.800314465408805, 0.5833333333333334, 1.1166666666666667])]
[(0, [0.6477987421383647, 0.7704402515723271, 0.5833333333333334, 0.9972222222222222])]
[(0, [0.6650943396226415, 0.7908805031446541, 0.5805555555555556, 0.9972222222222222])]
[(0, [0.6729559748427673, 0.7987421383647799, 0.5305555555555556, 0.9472222222222222])]
[(0, [0.6729559748427673, 0.7987421383647799, 0.475, 0.8916666666666667])]
[(0, [0.6446540880503144, 0.7704402515723271, 0.48055555555555557, 0.8972222222222223])]
[(0, [0.6556603773584906, 0.7704402515723271, 0.46944444444444444, 0.9972222222222222])]
[(0, [0.6580188679245284, 0.7759433962264151, 0.44722222222222224, 0.9805555555555555])]
[(0, [0.6705974842767296, 0.7885220125786163, 0.44722222222222224, 0.9805555555555555])]
[(0, [0.6690251572327044, 0.7869496855345912, 0.4527777777777778, 0.9861111111111112])]
[(0, [0.6831761006289309, 0.8011006289308176, 0.46944444444444444, 1.0027777777777778])]
[(0, [0.639937106918239, 0.8113207547169812, 0.49166666666666664, 0.9972222222222222])]
[(0, [0.6257861635220126, 0.8144654088050315, 0.48055555555555557, 1.0138888888888888])]
[(0, [0.6273584905660378, 0.8160377358490566, 0.49166666666666664, 1.025])]
[(0, [0.6446540880503144, 0.8333333333333334, 0.5027777777777778, 1.0361111111111112])]
[(0, [0.6415094339622641, 0.8301886792452831, 0.5083333333333333, 1.0416666666666667])]
[(0, [0.6430817610062893, 0.8113207547169812, 0.5361111111111111, 0.9972222222222222])]
[(0, [0.6242138364779874, 0.7940251572327044, 0.5166666666666667, 1.0166666666666666])]
[(0, [0.6037735849056604, 0.7735849056603774, 0.5222222222222223, 1.0222222222222221])]
[(0, [0.5974842767295597, 0.7672955974842768, 0.5166666666666667, 1.0166666666666666])]
[(0, [0.6147798742138365, 0.7845911949685535, 0.5166666666666667, 1.0166666666666666])]
[(0, [0.6619496855345912, 0.7814465408805031, 0.5555555555555556, 0.9972222222222222])]
[]
[]
[]
[]
[(0, [0.6022012578616353, 0.7169811320754716, 0.5861111111111111, 0.9972222222222222])]
[(0, [0.6045597484276729, 0.7224842767295597, 0.5027777777777778, 0.9194444444444444])]
[(0, [0.6014150943396226, 0.7193396226415094, 0.46944444444444444, 0.8861111111111111])]
[(0, [0.595125786163522, 0.7130503144654088, 0.49444444444444446, 0.9111111111111111])]
[(0, [0.5998427672955975, 0.7177672955974843, 0.5777777777777777, 0.9944444444444445])]
[(0, [0.5974842767295597, 0.7169811320754716, 0.5722222222222222, 0.9972222222222222])]
[(0, [0.5959119496855346, 0.7216981132075472, 0.55, 0.9944444444444445])]
[(0, [0.6132075471698113, 0.7389937106918238, 0.55, 0.9944444444444445])]
[(0, [0.6132075471698113, 0.7389937106918238, 0.5611111111111111, 1.0055555555555555])]
[(0, [0.6132075471698113, 0.7389937106918238, 0.5611111111111111, 1.0055555555555555])]
[(0, [0.6320754716981132, 0.75, 0.5694444444444444, 0.9972222222222222])]
[(0, [0.6312893081761006, 0.7492138364779874, 0.5583333333333333, 1.0027777777777778])]
[(0, [0.6438679245283019, 0.7617924528301887, 0.5722222222222222, 1.0166666666666666])]
[(0, [0.6595911949685535, 0.7775157232704403, 0.6055555555555555, 1.05])]
[(0, [0.6705974842767296, 0.7885220125786163, 0.6194444444444445, 1.0638888888888889])]
[(0, [0.6745283018867925, 0.7861635220125787, 0.6416666666666667, 0.9972222222222222])]
[(0, [0.6776729559748428, 0.7908805031446541, 0.6611111111111111, 1.0166666666666666])]
[(0, [0.6808176100628931, 0.7940251572327044, 0.65, 1.0055555555555555])]
[(0, [0.6698113207547169, 0.7830188679245284, 0.6388888888888888, 0.9944444444444445])]
[(0, [0.6540880503144654, 0.7672955974842768, 0.6166666666666667, 0.9722222222222222])]
[(0, [0.6446540880503144, 0.7531446540880503, 0.6083333333333333, 0.9972222222222222])]
[(0, [0.6336477987421384, 0.7468553459119497, 0.6083333333333333, 1.0083333333333333])]
[(0, [0.6147798742138365, 0.7279874213836478, 0.6138888888888889, 1.0138888888888888])]
[(0, [0.5817610062893082, 0.6949685534591195, 0.6222222222222222, 1.0222222222222221])]
[(0, [0.5455974842767296, 0.6588050314465409, 0.6361111111111111, 1.0361111111111112])]
